-0.000000,-76.000000,3352.000000
-0.000000,-342.000000,3352.000000
-285.000000,-342.000000,3342.000000
-285.000000,-38.000000,3342.000000
-57.000000,-38.000000,3342.000000
3135.000000,988.000000,3322.000000
2964.000000,988.000000,3322.000000
2964.000000,1539.000000,3312.000000
3135.000000,1539.000000,3312.000000
2356.000000,1976.000000,2862.000000
1976.000000,1976.000000,2862.000000
1976.000000,2964.000000,2862.000000
2356.000000,2964.000000,2862.000000
988.000000,3762.000000,2862.000000
912.000000,3724.000000,2862.000000
912.000000,3610.000000,2862.000000
988.000000,3591.000000,2862.000000
988.000000,3382.000000,2862.000000
665.000000,3363.000000,2862.000000
665.000000,3401.000000,2862.000000
608.000000,3420.000000,2862.000000
646.000000,3648.000000,2862.000000
684.000000,3591.000000,2862.000000
836.000000,3610.000000,2862.000000
836.000000,3724.000000,2862.000000
741.000000,3762.000000,2862.000000
741.000000,3952.000000,2862.000000
988.000000,3952.000000,2862.000000
646.000000,3724.000000,2862.000000
513.000000,3420.000000,2862.000000
494.000000,3363.000000,2862.000000
380.000000,3363.000000,2862.000000
361.000000,3477.000000,2862.000000
57.000000,3477.000000,2862.000000
57.000000,3952.000000,2862.000000
513.000000,3078.000000,2862.000000
646.000000,3078.000000,2862.000000
665.000000,3211.000000,2862.000000
988.000000,3192.000000,2862.000000
988.000000,2964.000000,2862.000000
665.000000,2964.000000,2862.000000
646.000000,3002.000000,2862.000000
513.000000,3002.000000,2862.000000
494.000000,2964.000000,2862.000000
361.000000,2964.000000,2862.000000
380.000000,3154.000000,2862.000000
57.000000,3154.000000,2862.000000
57.000000,3287.000000,2862.000000
361.000000,3287.000000,2862.000000
3135.000000,912.000000,3342.000000
2983.000000,912.000000,3342.000000
2964.000000,969.000000,3322.000000
2964.000000,988.000000,3322.000000
3135.000000,988.000000,3322.000000
3135.000000,57.000000,2862.000000
2964.000000,57.000000,2862.000000
2964.000000,361.000000,2862.000000
2983.000000,437.000000,2822.000000
3135.000000,437.000000,2822.000000
2356.000000,2964.000000,2862.000000
1976.000000,2964.000000,2862.000000
1976.000000,3952.000000,2862.000000
2356.000000,3952.000000,2862.000000
1976.000000,-1178.000000,3342.000000
988.000000,-1178.000000,3342.000000
988.000000,-988.000000,3342.000000
1976.000000,-988.000000,3342.000000
1957.000000,-1159.000000,2862.000000
1653.000000,-1159.000000,2862.000000
1653.000000,-1026.000000,2862.000000
1539.000000,-988.000000,2862.000000
1957.000000,-988.000000,2862.000000
1976.000000,-361.000000,3362.000000
1577.000000,-361.000000,3342.000000
1558.000000,-437.000000,3342.000000
988.000000,-437.000000,3342.000000
988.000000,-76.000000,3342.000000
1976.000000,-76.000000,3352.000000
1577.000000,-475.000000,3342.000000
1976.000000,-475.000000,3342.000000
1976.000000,-988.000000,3342.000000
988.000000,-988.000000,3342.000000
1482.000000,-76.000000,3352.000000
1957.000000,-361.000000,2862.000000
1824.000000,-380.000000,2862.000000
1843.000000,-475.000000,2862.000000
1957.000000,-475.000000,2862.000000
1957.000000,-988.000000,2862.000000
1653.000000,-988.000000,2862.000000
1672.000000,-475.000000,2862.000000
1767.000000,-475.000000,2862.000000
1786.000000,-380.000000,2862.000000
1653.000000,-361.000000,2862.000000
1653.000000,-0.000000,2862.000000
1957.000000,-0.000000,2862.000000
1539.000000,-152.000000,2862.000000
1539.000000,-456.000000,2862.000000
1539.000000,-988.000000,2862.000000
1444.000000,-988.000000,2862.000000
1387.000000,-988.000000,2862.000000
1292.000000,-988.000000,2862.000000
1235.000000,-988.000000,2862.000000
1140.000000,-988.000000,2862.000000
1102.000000,-988.000000,2862.000000
1064.000000,-988.000000,2862.000000
1064.000000,-152.000000,2862.000000
1976.000000,3648.000000,2862.000000
1786.000000,3648.000000,2862.000000
1767.000000,3876.000000,2862.000000
1539.000000,3876.000000,2862.000000
1520.000000,3610.000000,2862.000000
1501.000000,3629.000000,2862.000000
1482.000000,3876.000000,2862.000000
1254.000000,3876.000000,2862.000000
1235.000000,3762.000000,2862.000000
1140.000000,3762.000000,2862.000000
1121.000000,3724.000000,2862.000000
988.000000,3762.000000,2862.000000
988.000000,3952.000000,2862.000000
1976.000000,3952.000000,2862.000000
1691.000000,3686.000000,2862.000000
1615.000000,3686.000000,2862.000000
1615.000000,3781.000000,2862.000000
1691.000000,3781.000000,2862.000000
1406.000000,3686.000000,2862.000000
1330.000000,3686.000000,2862.000000
1330.000000,3781.000000,2862.000000
1406.000000,3781.000000,2862.000000
1976.000000,3287.000000,2862.000000
1957.000000,3287.000000,2862.000000
1938.000000,3382.000000,2862.000000
1577.000000,3382.000000,2862.000000
1558.000000,3287.000000,2862.000000
1520.000000,3287.000000,2862.000000
1501.000000,3382.000000,2862.000000
1140.000000,3382.000000,2862.000000
1121.000000,3287.000000,2862.000000
1064.000000,3287.000000,2862.000000
1064.000000,3363.000000,2862.000000
988.000000,3382.000000,2862.000000
988.000000,3591.000000,2862.000000
1102.000000,3629.000000,2862.000000
1121.000000,3591.000000,2862.000000
1463.000000,3591.000000,2862.000000
1748.000000,3591.000000,2862.000000
1976.000000,2964.000000,2862.000000
988.000000,2964.000000,2862.000000
988.000000,3192.000000,2862.000000
1064.000000,3211.000000,2862.000000
1140.000000,3192.000000,2862.000000
1501.000000,3192.000000,2862.000000
1577.000000,3192.000000,2862.000000
1938.000000,3192.000000,2862.000000
1672.000000,3705.000000,3042.000000
1615.000000,3705.000000,3042.000000
1615.000000,3781.000000,3042.000000
1672.000000,3781.000000,3042.000000
1406.000000,3705.000000,3042.000000
1330.000000,3705.000000,3042.000000
1330.000000,3781.000000,3042.000000
1406.000000,3781.000000,3042.000000
988.000000,-1178.000000,3342.000000
19.000000,-1178.000000,3342.000000
19.000000,-988.000000,3342.000000
988.000000,-988.000000,3342.000000
988.000000,950.000000,2862.000000
969.000000,988.000000,2862.000000
988.000000,988.000000,2862.000000
855.000000,931.000000,2862.000000
855.000000,779.000000,2862.000000
798.000000,760.000000,2862.000000
798.000000,646.000000,2862.000000
931.000000,627.000000,2862.000000
988.000000,684.000000,2862.000000
988.000000,57.000000,2862.000000
532.000000,57.000000,2862.000000
532.000000,703.000000,2862.000000
665.000000,722.000000,2862.000000
665.000000,988.000000,2862.000000
817.000000,988.000000,2862.000000
494.000000,722.000000,2862.000000
380.000000,57.000000,2862.000000
342.000000,-0.000000,2862.000000
57.000000,-0.000000,2862.000000
57.000000,988.000000,2862.000000
76.000000,988.000000,2862.000000
76.000000,817.000000,2862.000000
114.000000,779.000000,2862.000000
323.000000,779.000000,2862.000000
323.000000,988.000000,2862.000000
494.000000,988.000000,2862.000000
247.000000,912.000000,2862.000000
247.000000,874.000000,2862.000000
171.000000,874.000000,2862.000000
171.000000,969.000000,2862.000000
988.000000,779.000000,2882.000000
950.000000,779.000000,2882.000000
950.000000,855.000000,2882.000000
988.000000,855.000000,2882.000000
988.000000,2888.000000,2862.000000
855.000000,2869.000000,2862.000000
855.000000,2717.000000,2862.000000
988.000000,2698.000000,2862.000000
988.000000,2660.000000,2862.000000
855.000000,2641.000000,2862.000000
855.000000,2470.000000,2862.000000
988.000000,2451.000000,2862.000000
988.000000,1976.000000,2862.000000
665.000000,1976.000000,2862.000000
665.000000,2128.000000,2862.000000
589.000000,2147.000000,2862.000000
589.000000,2223.000000,2862.000000
665.000000,2242.000000,2862.000000
665.000000,2527.000000,2862.000000
589.000000,2546.000000,2862.000000
589.000000,2660.000000,2862.000000
665.000000,2679.000000,2862.000000
665.000000,2964.000000,2862.000000
988.000000,2964.000000,2862.000000
494.000000,2679.000000,2862.000000
494.000000,2527.000000,2862.000000
494.000000,2242.000000,2862.000000
494.000000,2128.000000,2862.000000
494.000000,1976.000000,2862.000000
323.000000,1976.000000,2862.000000
57.000000,1995.000000,2862.000000
57.000000,2109.000000,2862.000000
323.000000,2128.000000,2862.000000
304.000000,2280.000000,2862.000000
57.000000,2280.000000,2862.000000
57.000000,2356.000000,2862.000000
285.000000,2356.000000,2862.000000
323.000000,2394.000000,2862.000000
323.000000,2508.000000,2862.000000
285.000000,2546.000000,2862.000000
57.000000,2546.000000,2862.000000
57.000000,2641.000000,2862.000000
361.000000,2641.000000,2862.000000
380.000000,2831.000000,2862.000000
57.000000,2831.000000,2862.000000
57.000000,2964.000000,2862.000000
361.000000,2964.000000,2862.000000
494.000000,2964.000000,2862.000000
2356.000000,228.000000,2862.000000
2470.000000,228.000000,2862.000000
2470.000000,361.000000,2862.000000
2964.000000,361.000000,2862.000000
2964.000000,57.000000,2862.000000
2470.000000,57.000000,2862.000000
2451.000000,190.000000,2862.000000
2356.000000,171.000000,2862.000000
2356.000000,57.000000,2862.000000
1976.000000,57.000000,2862.000000
1976.000000,570.000000,2862.000000
2052.000000,589.000000,2862.000000
2052.000000,684.000000,2862.000000
1976.000000,722.000000,2862.000000
1976.000000,988.000000,2862.000000
2356.000000,988.000000,2862.000000
2964.000000,969.000000,3322.000000
2679.000000,969.000000,3322.000000
2660.000000,893.000000,3322.000000
2470.000000,893.000000,3322.000000
2470.000000,988.000000,3322.000000
2964.000000,988.000000,3322.000000
2888.000000,456.000000,2862.000000
2774.000000,456.000000,2862.000000
2774.000000,874.000000,2862.000000
2888.000000,874.000000,2862.000000
988.000000,-988.000000,3342.000000
19.000000,-988.000000,3342.000000
19.000000,-456.000000,3342.000000
418.000000,-456.000000,3342.000000
437.000000,-361.000000,3342.000000
19.000000,-342.000000,3352.000000
19.000000,-76.000000,3352.000000
988.000000,-76.000000,3342.000000
503.500000,-76.000000,3352.000000
342.000000,-342.000000,2862.000000
228.000000,-342.000000,2862.000000
228.000000,-456.000000,2862.000000
475.000000,-437.000000,2862.000000
475.000000,-152.000000,2862.000000
950.000000,-152.000000,2862.000000
950.000000,-988.000000,2862.000000
836.000000,-988.000000,2862.000000
722.000000,-988.000000,2862.000000
684.000000,-988.000000,2862.000000
570.000000,-988.000000,2862.000000
532.000000,-988.000000,2862.000000
437.000000,-988.000000,2862.000000
380.000000,-988.000000,2862.000000
285.000000,-988.000000,2862.000000
228.000000,-988.000000,2862.000000
133.000000,-988.000000,2862.000000
76.000000,-988.000000,2862.000000
57.000000,-456.000000,2862.000000
171.000000,-456.000000,2862.000000
190.000000,-361.000000,2862.000000
57.000000,-342.000000,2862.000000
57.000000,-0.000000,2862.000000
342.000000,-0.000000,2862.000000
988.000000,1216.000000,2862.000000
912.000000,1159.000000,2862.000000
817.000000,1197.000000,2862.000000
798.000000,1311.000000,2862.000000
722.000000,1311.000000,2862.000000
684.000000,1235.000000,2862.000000
665.000000,1235.000000,2862.000000
646.000000,1349.000000,2862.000000
494.000000,1330.000000,2862.000000
494.000000,988.000000,2862.000000
323.000000,988.000000,2862.000000
247.000000,1064.000000,2862.000000
133.000000,1064.000000,2862.000000
152.000000,1140.000000,2862.000000
342.000000,1159.000000,2862.000000
342.000000,1330.000000,2862.000000
247.000000,1425.000000,2862.000000
171.000000,1425.000000,2862.000000
171.000000,1482.000000,2862.000000
323.000000,1482.000000,2862.000000
342.000000,1596.000000,2862.000000
494.000000,1596.000000,2862.000000
494.000000,1387.000000,2862.000000
646.000000,1368.000000,2862.000000
665.000000,1691.000000,2862.000000
589.000000,1710.000000,2862.000000
589.000000,1824.000000,2862.000000
665.000000,1843.000000,2862.000000
665.000000,1976.000000,2862.000000
988.000000,1976.000000,2862.000000
494.000000,1843.000000,2862.000000
494.000000,1691.000000,2862.000000
342.000000,1672.000000,2862.000000
247.000000,1767.000000,2862.000000
95.000000,1767.000000,2862.000000
76.000000,1520.000000,2862.000000
76.000000,1406.000000,2862.000000
76.000000,1178.000000,2862.000000
76.000000,1045.000000,2862.000000
76.000000,988.000000,2862.000000
57.000000,988.000000,2862.000000
57.000000,1824.000000,2862.000000
285.000000,1824.000000,2862.000000
323.000000,1862.000000,2862.000000
323.000000,1976.000000,2862.000000
494.000000,1976.000000,2862.000000
247.000000,1615.000000,2862.000000
247.000000,1577.000000,2862.000000
171.000000,1577.000000,2862.000000
171.000000,1672.000000,2862.000000
247.000000,1273.000000,2862.000000
247.000000,1235.000000,2862.000000
171.000000,1235.000000,2862.000000
171.000000,1330.000000,2862.000000
722.000000,1159.000000,2862.000000
798.000000,1159.000000,2862.000000
893.000000,1064.000000,2862.000000
855.000000,1064.000000,2862.000000
817.000000,988.000000,2862.000000
665.000000,988.000000,2862.000000
988.000000,988.000000,2862.000000
969.000000,988.000000,2862.000000
988.000000,1007.000000,2862.000000
1976.000000,722.000000,2862.000000
1938.000000,950.000000,2862.000000
1577.000000,950.000000,2862.000000
1558.000000,703.000000,2862.000000
1444.000000,722.000000,2862.000000
1406.000000,684.000000,2862.000000
1444.000000,570.000000,2862.000000
1577.000000,589.000000,2862.000000
1596.000000,57.000000,2862.000000
988.000000,57.000000,2862.000000
988.000000,684.000000,2862.000000
1140.000000,684.000000,2862.000000
1159.000000,570.000000,2862.000000
1292.000000,570.000000,2862.000000
1311.000000,684.000000,2862.000000
1273.000000,703.000000,2862.000000
1273.000000,874.000000,2862.000000
1311.000000,893.000000,2862.000000
1311.000000,988.000000,2862.000000
1976.000000,988.000000,2862.000000
1159.000000,950.000000,2862.000000
988.000000,950.000000,2862.000000
988.000000,988.000000,2862.000000
1159.000000,988.000000,2862.000000
1862.000000,779.000000,2882.000000
1653.000000,779.000000,2882.000000
1653.000000,855.000000,2882.000000
1862.000000,855.000000,2882.000000
1178.000000,779.000000,2882.000000
988.000000,779.000000,2882.000000
988.000000,855.000000,2882.000000
1178.000000,855.000000,2882.000000
1881.000000,608.000000,2862.000000
1976.000000,570.000000,2862.000000
1976.000000,57.000000,2862.000000
1957.000000,-0.000000,2862.000000
1653.000000,-0.000000,2862.000000
1653.000000,38.000000,2862.000000
1577.000000,684.000000,2862.000000
1881.000000,684.000000,2862.000000
1976.000000,1976.000000,2862.000000
1558.000000,1976.000000,2862.000000
1558.000000,2071.000000,2862.000000
1634.000000,2090.000000,2862.000000
1634.000000,2166.000000,2862.000000
1558.000000,2185.000000,2862.000000
1558.000000,2451.000000,2862.000000
1824.000000,2451.000000,2862.000000
1843.000000,2641.000000,2862.000000
988.000000,2660.000000,2862.000000
988.000000,2698.000000,2862.000000
1843.000000,2698.000000,2862.000000
1862.000000,2869.000000,2862.000000
988.000000,2888.000000,2862.000000
988.000000,2964.000000,2862.000000
1976.000000,2964.000000,2862.000000
1482.000000,2166.000000,2862.000000
1482.000000,2090.000000,2862.000000
1235.000000,1976.000000,2862.000000
1235.000000,2090.000000,2862.000000
1216.000000,2185.000000,2862.000000
1102.000000,2185.000000,2862.000000
988.000000,2185.000000,2862.000000
988.000000,2451.000000,2862.000000
1102.000000,2071.000000,2862.000000
988.000000,1976.000000,2862.000000
1377.900000,2365.900000,2892.000000
2793.000000,1653.000000,3362.000000
2470.000000,1653.000000,3362.000000
2470.000000,1976.000000,3362.000000
2793.000000,1976.000000,3362.000000
2356.000000,988.000000,2862.000000
1976.000000,988.000000,2862.000000
1976.000000,1976.000000,2862.000000
2356.000000,1976.000000,2862.000000
2964.000000,988.000000,3322.000000
2470.000000,988.000000,3322.000000
2470.000000,1539.000000,3312.000000
2964.000000,1539.000000,3312.000000
1976.000000,1691.000000,2862.000000
1634.000000,1691.000000,2862.000000
1615.000000,1767.000000,2862.000000
1520.000000,1767.000000,2862.000000
1501.000000,1710.000000,2862.000000
1235.000000,1710.000000,2862.000000
1216.000000,1767.000000,2862.000000
1102.000000,1767.000000,2862.000000
1083.000000,1710.000000,2862.000000
988.000000,1710.000000,2862.000000
988.000000,1976.000000,2862.000000
1976.000000,1976.000000,2862.000000
1539.000000,1634.000000,2862.000000
1596.000000,1634.000000,2862.000000
1976.000000,1140.000000,2862.000000
1862.000000,1140.000000,2862.000000
1824.000000,1197.000000,2862.000000
1729.000000,1216.000000,2862.000000
1634.000000,1216.000000,2862.000000
1596.000000,1140.000000,2862.000000
1482.000000,1140.000000,2862.000000
1387.000000,1254.000000,2862.000000
1311.000000,1254.000000,2862.000000
1254.000000,1178.000000,2862.000000
1140.000000,1178.000000,2862.000000
1102.000000,1235.000000,2862.000000
988.000000,1216.000000,2862.000000
1121.000000,1634.000000,2862.000000
1197.000000,1634.000000,2862.000000
1368.000000,1007.000000,2862.000000
1463.000000,1007.000000,2862.000000
1501.000000,1045.000000,2862.000000
1615.000000,1064.000000,2862.000000
1824.000000,1045.000000,2862.000000
1976.000000,988.000000,2862.000000
1311.000000,988.000000,2862.000000
1292.000000,1026.000000,2862.000000
1178.000000,1026.000000,2862.000000
1159.000000,988.000000,2862.000000
988.000000,988.000000,2862.000000
988.000000,1007.000000,2862.000000
1140.000000,1121.000000,2862.000000
